data/Environmental_inputs/MaxEnt_2019/bathymetry.asc
ncols        62
nrows        39
xllcorner    12.300000000000
yllcorner    41.900000000000
cellsize     0.100000000000
NODATA_value  -9999
[rows 0 to 20 of 39, columns 0 to 46 of 62]
-9999.0 -9999 -9999 -9999 -9999 -9999 -9999 -9999 -1.3857337890873100417 -4.9247006143395903877 -4.2388701073461998448 -2.1792149010423598199 -6.1763287811667799687 -15.146504893453100138 -16.895308347701398333 -5.2896428505579597967 -9999 -9999 -9999 -9999 -9999 -9999 -9999 -9999 -9999 -9999 -9999 -9999 -9999 -9999 -9999 -9999 -9999 -9999 -9999 -9999 -9999 -9999 -9999 -9999 -9999 -9999 -9999 -9999 -9999 -9999 -9999
-9999 -9999 -9999 -9999 -9999 -4.7079054056792601912 -8.5955628968824591141 -12.170876431920900629 -13.438480435390500745 -14.498922851491499841 -15.097750039055300775 -18.316568441118999289 -21.083960900537700667 -23.869710140824000888 -17.385337292286198618 -4.1623548433184600626 -9999 -9999 -9999 -9999 -9999 -9999 -9999 -9999 -9999 -9999 -9999 -9999 -9999 -9999 -9999 -9999 -9999 -9999 -9999 -9999 -9999 -9999 -9999 -9999 -9999 -9999 -9999 -9999 -9999 -9999 -9999
-9999 -9999 -2.8933333460835402029 -8.7838302847833293896 -13.154025214570999935 -17.267038430173599295 -20.308596468122900092 -20.761145189802501676 -21.840348427195298342 -22.289835829261299693 -23.005427626043800871 -24.779175947024398852 -20.948972024307000339 -10.822675968769599919 -4.0512976564523803802 -9999 -9999 -9999 -9999 -9999 -9999 -9999 -9999 -9999 -9999 -9999 -9999 -9999 -9999 -9999 -9999 -9999 -9999 -9999 -9999 -9999 -9999 -9999 -9999 -9999 -9999 -9999 -9999 -9999 -9999 -9999 -9999
-2.1078409227457899355 -8.482773051026450517 -14.792314658941799976 -19.100448001397001718 -21.368121205438299626 -23.117170559221300152 -25.819864036487498282 -27.584476962247098442 -26.829171412559901455 -26.140802112876901475 -26.106233416341900977 -26.258143885635398362 -19.991572734519898802 0 -9999 -9999 -9999 -9999 -9999 -9999 -0.30916665991147401771 -9999 -9999 -9999 -9999 -9999 -9999 -9999 -9999 -9999 -9999 -9999 -9999 -9999 -9999 -9999 -9999 -9999 -9999 -9999 -9999 -9999 -9999 -9999 -9999 -9999 -9999
-8.005971734599599543 -17.498240136085698282 -20.827535324062900202 -22.997437811066898661 -24.589671862040898276 -27.756427180682500477 -30.031573439320798258 -31.328116051694198774 -31.70402041056480158 -31.76116753204000176 -30.39408673631379898 -28.084844702524499382 -24.52593324718529999 -8.5274272128985302288 -9999 -9999 -9999 -9999 -9999 -9999 -56.751734220295197986 -55.461906312846700473 -34.491006155171199055 -2.2139814680925100632 -9999 -9999 -9999 -9999 -9999 -9999 -9999 -9999 -9999 -9999 -9999 -9999 -9999 -9999 -9999 -9999 -9999 -9999 -9999 -9999 -9999 -9999 -9999
-8.029243423227679699 -20.290973123029800718 -24.70932534400450109 -26.340837360345801699 -27.043209478292798309 -28.332906147968500932 -30.174051466976798963 -32.401874364366797465 -34.138646501823501467 -34.478816578574196683 -33.453123747142200273 -31.242530482556798432 -28.362901626317498227 -12.577616304859800422 -9999 -9999 -9999 -9999 -9999 -18.749651735694801147 -55.349137664442700668 -65.113183163385201624 -56.666529606181399004 -6.8681841164564296776 -18.219090915448699519 -9999 -9999 -9999 -9999 -9999 -9999 -9999 -9999 -9999 -9999 -9999 -9999 -9999 -9999 -9999 -9999 -9999 -9999 -9999 -9999 -9999 -9999
-1.437149835152840005 -15.388199622513699438 -25.981525403010198971 -28.481050142501498357 -29.9541239334803997 -31.611213248042599133 -32.526917130766896946 -33.94346327844279898 -35.218664724506297148 -34.985926688985600208 -31.943128103149998509 -32.578714432895502284 -31.629062948749300688 -15.292627105676899646 -2.1007791984648900296 -9999 -9999 -9999 0 -50.572845638703903148 -44.846773291677401119 -44.162589388538101787 -27.021591728523201681 0 -35.755940114782596595 -47.922574353365199329 -7.2966948990094495642 -9999 -9999 -9999 -9999 -9999 -9999 -9999 -9999 -9999 -9999 -9999 -9999 -9999 -9999 -9999 -9999 -9999 -9999 -9999 -9999
-9999 -2.8080071790555201083 -15.50977264001659961 -26.391553288892598772 -30.700629119907599573 -32.142272626290598225 -33.049787320179802919 -34.72660032404449737 -36.128791322099402805 -37.918085505776403465 -38.017745931961201222 -38.630330774351300249 -37.313716892744999143 -34.2684474692943013 -17.507993893717898715 -8.5336585213498405977 -9999 0 -5.0174493274173199708 -48.216066817363497421 -48.716881189048400813 -37.584015609438601757 -24.894471571035900581 -32.650558831816297811 -4.2770555729667298905 -34.679041296927401561 -52.936769389185201362 -9999 -9999 -9999 -9999 -9999 -9999 -9999 -9999 -9999 -9999 -9999 -9999 -9999 -9999 -9999 -9999 -9999 -9999 -9999 -9999
-9999 1.088429765637259905 -7.9809645253916201568 -22.007147853328099529 -31.187179646593499172 -32.438922610095097809 -34.159135560311597146 -35.662734239335598829 -36.966613990573002013 -39.630740470074599102 -40.598189371643499612 -41.932548821700997621 -41.685197022879698636 -39.608058307763400308 -28.591331033214398616 -9.648066866910259165 0 -22.557262083443301748 -45.696185794859097484 -49.510611580312897217 -31.657154327458801646 -21.372544397498998592 -67.95113270263540528 -76.516311253504099454 -48.907036087734901741 -36.168731031454399272 -54.457166408295798021 -9999 -9999 -9999 -9999 -9999 -9999 -9999 -9999 -9999 -9999 -9999 -9999 -9999 -9999 -9999 -9999 -9999 -9999 -9999 -9999
-2.7734595316434598189 -5.0911463331681003908 -18.033778447695301139 -27.48924831115810008 -31.530765083592701359 -33.603064730028201268 -35.717677804127497154 -37.534649228553199407 -39.405188025581999511 -41.296857402679798099 -41.810081630445999679 -42.762426679411802866 -43.10267125756129758 -42.781711227810703235 -40.758623952938997093 -35.364832566872202335 -16.944266219920301353 -34.084667083775002538 -48.845035891160897279 -48.760163242863299615 -33.785017144209199103 -8.37815971584577035 -76.07015836275239451 -80.547076407035802958 -16.74025118334609985 -45.54249265550910053 -44.988881933340699959 -9999 -9999 -9999 -9999 -9999 -9999 -9999 -9999 -9999 -9999 -9999 -9999 -9999 -9999 -9999 -9999 -9999 -9999 -9999 -9999
-9.2653357442569799218 -17.794449836002200982 -25.378705090772701425 -29.591050029286698475 -32.759660552453496507 -34.501032273658196914 -37.659524704331801104 -39.777044039821703336 -40.228053483665100032 -41.592455798007101464 -43.223227841544300531 -43.211589289985099072 -43.851064192433902633 -43.478044593641797633 -42.902128097858799549 -44.591851859138003533 -44.708103566754701319 -46.887460782010897731 -47.635904589443299528 -46.827778516425198063 -34.246680135854099092 -17.497124706345200451 -48.910265108199396877 -67.709602079529702223 -45.732003004291897241 -52.728729187648497145 -36.295891611464000448 -9999 -9999 -9999 -9999 -9999 -9999 -9999 -9999 -9999 -9999 -9999 -9999 -9999 -9999 -9999 -9999 -9999 -9999 -9999 -9999
-8.9875517339131203443 -16.795644978151500482 -25.19585312670200139 -30.206160995635400468 -33.365962110962399834 -36.112335985631801805 -40.030208316524898748 -40.516052543118597384 -40.504060704657398162 -43.001117126315996586 -45.624662887138100587 -48.057492350711697782 -44.893707905704999916 -45.768130601612696751 -44.132911124343799258 -44.923313836805299104 -46.053237034325796628 -47.758261812278298919 -47.519326521149800158 -40.923030003613099836 -28.132316938109699578 -17.08245558658040153 -32.975700292132700042 -57.903170725141698938 -76.627927523708393664 -48.682541865036199624 -32.011048895690699112 -5.9725454511721300932 -9999 -9999 -9999 -9999 -9999 -9999 -9999 -9999 -9999 -9999 -9999 -9999 -9999 -9999 -9999 -9999 -9999 -9999 -9999
-8.0034399776061402321 -15.432833766548700538 -23.805314417606400212 -29.876079495431298483 -33.769683240387102785 -38.652883787832998053 -40.983313799228199059 -40.663028616881497612 -41.394567775424100375 -45.928980622731202743 -48.435183513429002744 -50.459936970010900836 -44.317247968391399127 -44.75690379214000103 -43.773110372008900981 -43.202444882131700865 -43.891172820920601794 -47.96414698665100218 -48.799557100796498332 -48.386419332529300164 -35.561986133220599982 -47.596653218791900031 -29.055487591308700956 -40.7903001241878016 -69.355455591107698865 -72.077411356745102466 -30.885103077033001284 -5.695137308468149584 -10.445498672213000546 -2.2580850885269501127 -9999 -9999 -9999 -9999 -9999 -9999 -9999 -9999 -9999 -9999 -9999 -9999 -9999 -9999 -9999 -9999 -9999
-6.6389214270000298512 -12.271566285650999717 -19.976224370432298372 -27.115079013725999602 -33.312078007101902699 -39.244282533810498137 -40.729216916251402836 -42.445002352506001841 -46.370688241981902422 -49.295274964461100353 -51.638723527969602856 -55.550828571932598265 -54.922571468051103238 -52.37609798177540199 -54.914169643086097494 -52.430874017635197504 -52.64092374830129728 -54.311724996502000806 -58.121365460943700043 -60.839203637236700217 -57.612766302133799456 -53.782254760866500476 -49.905842302053400772 -36.036562499809299709 -26.27290240762640039 -31.408635083073100702 -51.478093582031000608 -46.717962041441701615 -18.118796221974101002 -28.607811632743100461 -12.735945947842200354 -9999 -9999 -9999 -9999 -9999 -9999 -9999 -9999 -9999 -9999 -9999 -9999 -9999 -9999 -9999 -9999
-2.809150342068639894 -8.8518980281647099417 -14.909685214360600014 -21.559357077094698951 -28.897991892293799054 -37.70789905558240207 -42.269649914815900615 -46.679769592082202223 -50.01657378250830277 -51.725585914320397762 -55.3592598725717977 -59.557535590854897123 -61.472814835555197988 -61.225736195313999133 -59.778320378445599204 -58.89459249313839706 -55.166844231017101663 -58.550354923762299109 -59.280555902255898104 -62.54592245183089716 -63.767819805348203488 -63.733334067865499151 -61.680674184298702301 -44.929803068399500887 -26.748637009444898638 -32.484660734113901981 -49.031245716920096811 -48.074556140526198078 -19.682721975917200297 -9.3314274989038192842 -26.530613841962999544 -37.249823503678697989 -0.30006912515460099078 -9999 -9999 -9999 -9999 -9999 -9999 -9999 -9999 -9999 -9999 -9999 -9999 -9999 -9999
-9999 -6.1196969496610398309 -10.540218951656399327 -15.359959177109599793 -20.720266914626698451 -29.771756372931001522 -40.374083405439002092 -48.228089810497003498 -51.94385249153850026 -54.321374257405601327 -59.173372649455700412 -63.318049194695099402 -65.365763455723794095 -66.747900272505802377 -67.221530808966406312 -64.230778994199795306 -62.049733368721199156 -60.549570226086501634 -64.70656087888889374 -65.283839526679400933 -63.184971125107502132 -64.408058612041202196 -66.184066090339896959 -65.079855921042906175 -58.737252506750003533 -29.100419558952399512 -11.033301409849700647 -27.335169783962598444 -30.54828967504640147 -19.227107945829601476 -0.0023529411238782499925 -9999 -2.1704418926870201467 -0.093626372935762106064 -9999 -9999 -9999 -9999 -9999 -9999 -9999 -9999 -9999 -9999 -9999 -9999 -9999
-9999 -9999 -6.5761363453824399627 -9.8814091227674900608 -13.538872755075699317 -18.252036981854601549 -26.501742710080698373 -38.591281210475003149 -49.256020953073502255 -54.782344980442800875 -59.08597568841800296 -63.75504352022159793 -65.662390778430605565 -68.161761862814003621 -69.999783517225296237 -70.015600668137395246 -69.632209670764893872 -68.102807236235804567 -70.876857889459500939 -72.881911110694503009 -70.275487551812204856 -67.820281459174594829 -69.118425547995698821 -69.763061205689993471 -65.621730122322304624 -62.303508010191400501 -38.21130730258600039 -25.338316093419500419 -17.871438825535200579 -31.464219939555000849 -10.397337214855900456 -9999 -9999 0 -9999 -9999 -9999 -9999 -9999 -9999 -9999 -9999 -9999 -9999 -9999 -9999 -9999
-9999 -9999 -9999 -5.2608294712233698576 -8.8536603187433904338 -11.337577546591500521 -14.675912117299699133 -19.772055097487598374 -30.806582116282001493 -44.245106484027601823 -53.202005547816597186 -60.118972545190302981 -66.043871222064694848 -69.757465764913902717 -71.707135132720097204 -72.298384556353695984 -72.428787607907096913 -71.797270982499696856 -72.455178034221006556 -73.377610247617596428 -74.991693520017093988 -71.280037074782001127 -68.949389877768297197 -70.528203802769297681 -67.736804825733997859 -66.850702609558197764 -67.199819822989198315 -51.84193356847249845 -9.1487623002836304664 -35.130833426556201005 -15.804129556040100724 -0.71629824380864204336 -9999 -9999 -9999 -9999 -9999 -9999 -9999 -9999 -9999 -9999 -9999 -9999 -9999 -9999 -9999
-9999 -9999 -9999 -9999 -9999 -1.0713043575701499677 -8.0156304783835103933 -11.635968193533999582 -16.771751792358600142 -24.190908511056999686 -36.647501133426203523 -49.501082073676201389 -60.001788333186496516 -68.263178708381701654 -72.820634416240906717 -73.924278255823594463 -74.318384473601199147 -74.47633840855350229 -74.947709080175300755 -75.800874329303994159 -75.24961564982299933 -73.538352669283696628 -71.012458953235693571 -73.064102286826198451 -69.17130019471569824 -68.04490826366280487 -69.947850722541303981 -75.021549202404003154 -62.584402767186396943 -16.876894612862400891 -10.353602081389000844 -26.545527352552500844 -12.528383602390499973 0.028273381252618998843 -9999 -9999 -9999 0 -9999 -9999 -9999 -9999 -9999 -9999 -9999 -9999 -9999
-9999 -9999 -9999 -9999 -9999 -9999 -9999 -4.3728985622309304304 -9.4988561480660891334 -13.797878587433499931 -19.030167326661700855 -28.506745034075798628 -43.151652428077397872 -56.702177658184702125 -66.670023208832304817 -72.323767317102294783 -74.70855216582799585 -75.625410312222598463 -76.659411051594602782 -77.431018979585005013 -77.805722244836005075 -77.308013373772595855 -75.654002243601496502 -78.03361752994889855 -77.90775519768649815 -81.320199896491700997 -84.428520831224204812 -85.620553244180200636 -96.41675614634300473 -84.531127645343602239 -22.258087615686200422 -51.744023924796699987 -69.184914344283896526 -27.131146794778999265 -7.353619329270999927 0 0 -9999 -9999 -9999 -9999 -9999 -9999 -9999 -9999 -9999 -9999
-9999 -9999 -9999 -9999 -9999 -9999 -9999 -9999 -9999 -6.8313375664617899119 -10.641215573586199739 -15.049511002760299405 -21.028510458494199753 -31.664879950423699739 -48.196894597769798452 -62.36589902685260256 -71.595202303083794959 -75.894817447273794642 -78.167540485977298204 -78.458271028338202768 -79.596881391560700081 -80.620933080270006599 -80.004093075187100226 -83.699072430715602877 -82.791390390944400224 -86.843065364590700028 -90.261073608536605661 -92.550295262058298817 -110.90806833902999529 -120.67071149833799382 -116.88354095348499584 -83.708492268883304632 -54.772958094398902062 -49.312454228649201582 -21.084417970293198863 -16.196381420801198914 -5.2681114199633798378 0 -9999 -9999 -9999 -9999 -9999 -9999 -9999 -9999 -9999
